Top 5
Hit Ratio:0.06048
Precision:0.23203
Recall:0.08071
NDCG:0.25611
Top 10
Hit Ratio:0.09883
Precision:0.1896
Recall:0.12688
NDCG:0.23417
Top 20
Hit Ratio:0.15656
Precision:0.15017
Recall:0.19536
NDCG:0.23013
