Top 5
Hit Ratio:0.01743
Precision:0.03569
Recall:0.01995
NDCG:0.0377
Top 10
Hit Ratio:0.03049
Precision:0.03121
Recall:0.03487
NDCG:0.03997
Top 20
Hit Ratio:0.05284
Precision:0.02704
Recall:0.06007
NDCG:0.04918
