Top 5
Hit Ratio:0.02033
Precision:0.04161
Recall:0.02343
NDCG:0.04395
Top 10
Hit Ratio:0.03578
Precision:0.03662
Recall:0.04104
NDCG:0.04689
Top 20
Hit Ratio:0.06139
Precision:0.03142
Recall:0.07011
NDCG:0.05747
