Top 10
Hit Ratio:0.71462
Precision:0.15169
Recall:0.73182
NDCG:0.57584
Top 20
Hit Ratio:0.80601
Precision:0.08554
Recall:0.83841
NDCG:0.60759
