Top 5
Hit Ratio:0.02906
Precision:0.06505
Recall:0.04207
NDCG:0.0769
Top 10
Hit Ratio:0.0484
Precision:0.05417
Recall:0.0682
NDCG:0.07754
Top 20
Hit Ratio:0.07754
Precision:0.04339
Recall:0.10508
NDCG:0.08486
